p1:-35.3631748, 149.165069, 609.7
p2:-35.3633794, 149.1654061, 609.4
p3:-35.3634607, 149.1650938, 609.5
p4:-35.3631265 149.1653252, 609.7
red:-35.3634764, 149.1648519, 609.7
blue:-35.3636816, 149.1652431, 609.7
