Actual Target coordinates (Baylands World)

p1:37.4136691, -121.9964709, -28
p2:37.4136257, -121.9967352, -28
p3:37.4133371, -121.9967087, -28
p4:37.4134173, -121.9963866, -28
white:37.413315, -121.9969565, -28
grey:37.4131148, -121.9965529, -28